17 16

2 2 2 2 2 2 2 3 2 2 2 2 2 2 2 2 
2 2 2 2 2 2 3 2 2 2 2 2 2 2 2 2 
2 2 2 2 2 3 2 2 2 2 2 2 2 2 2 2 
2 2 2 2 3 2 2 2 2 2 2 2 2 2 2 2 
2 2 2 3 2 2 2 2 2 2 2 2 2 2 2 2 
2 2 3 2 2 2 2 2 2 2 2 2 2 2 2 2 
2 3 2 2 2 2 2 2 2 2 2 2 2 2 2 2 
3 2 2 2 2 2 2 2 2 2 2 2 2 2 2 2 
2 2 2 2 2 2 2 2 2 2 2 2 2 2 2 2 
3 2 2 2 2 2 2 2 2 2 2 2 2 2 2 2 
2 3 2 2 2 2 2 2 2 2 2 2 2 2 2 2 
2 2 3 2 2 2 2 2 2 2 2 2 2 2 2 2 
2 2 2 3 2 2 2 2 2 2 2 2 2 2 2 2 
2 2 2 2 3 2 2 2 2 2 2 2 2 2 2 2 
2 2 2 2 2 3 2 2 2 2 2 2 2 2 2 2 
2 2 2 2 2 2 3 2 2 2 2 2 2 2 2 2 
2 2 2 2 2 2 2 3 2 2 2 2 2 2 2 2 

1 1 1 1 1 1 1 1 2 1 1 1 1 1 1 1 
1 1 1 1 1 1 1 1 1 2 1 1 1 1 1 1 
1 1 1 1 1 1 1 1 1 1 2 1 1 1 1 1 
1 1 1 1 1 1 1 1 1 1 1 2 1 1 1 1 
1 1 1 1 1 1 1 1 1 1 1 1 2 1 1 1 
1 1 1 1 1 1 1 1 1 1 1 1 1 2 1 1 
1 1 1 1 1 1 1 1 1 1 1 1 1 1 2 1 
1 1 1 1 1 1 1 1 1 1 1 1 1 1 1 2 
1 1 1 1 1 1 1 1 1 1 1 1 1 1 1 1 
1 1 1 1 1 1 1 1 1 1 1 1 1 1 1 2 
1 1 1 1 1 1 1 1 1 1 1 1 1 1 2 1 
1 1 1 1 1 1 1 1 1 1 1 1 1 2 1 1 
1 1 1 1 1 1 1 1 1 1 1 1 2 1 1 1 
1 1 1 1 1 1 1 1 1 1 1 2 1 1 1 1 
1 1 1 1 1 1 1 1 1 1 2 1 1 1 1 1 
1 1 1 1 1 1 1 1 1 2 1 1 1 1 1 1 
1 1 1 1 1 1 1 1 2 1 1 1 1 1 1 1 

16 16 16 16 16 16 16 0 16 16 16 16 16 16 16 
16 16 16 16 16 16 16 0 16 16 16 16 16 16 16 
16 16 16 16 16 16 16 0 16 16 16 16 16 16 16 
16 16 16 16 16 16 16 0 16 16 16 16 16 16 16 
16 16 16 16 16 16 16 0 16 16 16 16 16 16 16 
16 16 16 16 16 16 16 0 16 16 16 16 16 16 16 
16 16 16 16 16 16 16 0 16 16 16 16 16 16 16 
16 16 16 16 16 16 16 0 16 16 16 16 16 16 16 
0 0 0 0 0 0 0 8 0 0 0 0 0 0 0 
16 16 16 16 16 16 16 0 16 16 16 16 16 16 16 
16 16 16 16 16 16 16 0 16 16 16 16 16 16 16 
16 16 16 16 16 16 16 0 16 16 16 16 16 16 16 
16 16 16 16 16 16 16 0 16 16 16 16 16 16 16 
16 16 16 16 16 16 16 0 16 16 16 16 16 16 16 
16 16 16 16 16 16 16 0 16 16 16 16 16 16 16 
16 16 16 16 16 16 16 0 16 16 16 16 16 16 16 
16 16 16 16 16 16 16 0 16 16 16 16 16 16 16 

16 16 16 16 16 16 16 16 16 16 16 16 16 16 16 16 
16 16 16 16 16 16 16 16 16 16 16 16 16 16 16 16 
16 16 16 16 16 16 16 16 16 16 16 16 16 16 16 16 
16 16 16 16 16 16 16 16 16 16 16 16 16 16 16 16 
16 16 16 16 16 16 16 16 16 16 16 16 16 16 16 16 
16 16 16 16 16 16 16 16 16 16 16 16 16 16 16 16 
16 16 16 16 16 16 16 16 16 16 16 16 16 16 16 16 
0 0 0 0 0 0 0 16 16 0 0 0 0 0 0 0 
0 0 0 0 0 0 0 16 16 0 0 0 0 0 0 0 
16 16 16 16 16 16 16 16 16 16 16 16 16 16 16 16 
16 16 16 16 16 16 16 16 16 16 16 16 16 16 16 16 
16 16 16 16 16 16 16 16 16 16 16 16 16 16 16 16 
16 16 16 16 16 16 16 16 16 16 16 16 16 16 16 16 
16 16 16 16 16 16 16 16 16 16 16 16 16 16 16 16 
16 16 16 16 16 16 16 16 16 16 16 16 16 16 16 16 
16 16 16 16 16 16 16 16 16 16 16 16 16 16 16 16 

